327.23309
303.23301
338.27026
279.23291
277.21729
277.21728
301.21735
338.27031
329.24876
253.21720
333.22033
281.24859
221.08147
297.24353
374.24677
305.24871
467.30126
227.20127
251.20152
299.25919
372.23134
329.24874
255.23287
217.00245
374.24666
410.22360
420.23117
401.14227
383.17638
372.23113
373.21512
421.21529
324.21797
405.26471
364.28591
336.25469
374.24667
336.25474
331.26440
410.22363
240.96945
249.97810
387.16305
351.18645
372.23121
299.25917
336.25441
379.20465
321.24364
345.24360
408.20777
408.20786
295.22792
396.23096
221.02426
295.22781
271.22797
420.23116
275.20164
355.20461
218.03069
331.20474
297.24348
396.23079
397.21502
379.20463
310.23894
303.23295
375.23070
397.17057
373.21520
364.28589
271.22808
293.21240
354.26504
340.28574
345.24366
239.05941
321.24363
333.22030
295.22784
219.02700
291.98890
325.21734
397.17067
249.18583
396.23138
217.00258
355.26441
324.21805
395.29128
415.14411
343.22791
420.23108
373.17066
384.25450
355.20487
359.04782
223.02794
349.17070
369.19687
223.16987
374.99213
271.22800
347.19951
331.20469
310.23893
340.28571
225.18559
232.97497
323.25928
201.80129
401.14226
362.27025
397.17068
372.23119
225.18552
295.22787
413.14645
343.22780
244.96508
391.26232
405.13624
249.97795
305.24872
455.09450
439.11615
401.14225
442.16900
319.22786
366.30137
360.25415
386.27022
349.17071
413.14637
307.26436
357.27999
432.20823
396.23091
262.03806
251.20155
279.23299
373.17062
297.24360
232.97503
293.21234
415.14413
325.21727
447.08940
407.28040
496.30470
459.18446
357.28005
409.14747
391.15700
319.22787
456.20823
243.16000
219.85502
343.22783
397.21432
395.29133
370.21545
317.21226
346.21540
295.22801
385.14733
433.14755
315.20968
396.23105
299.00599
319.22782
331.20460
397.17059
306.04498
323.15505
297.24352
345.24370
360.25428
346.21546
354.26494
413.29101
313.23854
311.22294
396.23073
379.20456
413.29113
240.96946
397.17091
311.22282
249.18599
297.24350
491.03938
333.20738
313.23861
338.27030
461.29109
315.20959
453.09702
454.15529
341.21217
361.19403
323.25919
407.28031
398.95885
402.27803
345.24375
533.00528
433.14797
384.25445
443.11778
349.17069
433.11009
449.29087
369.19702
443.11774
456.99531
271.22794
336.25431
263.03471
355.20479
213.01641
359.22056
421.21526
362.27024
242.17597
420.23122
207.00842
291.98874
395.29126
445.09176
471.08928
431.09447
219.85499
397.17075
397.21515
411.65305
311.22290
349.17076
375.23074
285.24356
455.09452
452.15786
303.23331
295.22779
420.27340
365.16570
269.21226
379.15822
423.15413
331.20464
489.28347
413.12857
515.03920
431.09448
377.16964
507.14681
437.12866
349.21515
378.26491
343.22787
387.27548
431.09446
408.20822
554.34679
423.15424
433.10998
211.13344
271.22799
299.25906
437.12763
437.12796
483.22869
442.16905
336.25465
442.16894
441.12016
325.18416
346.21541
359.22301
397.13346
349.17073
459.18466
538.31527
309.20730
389.24662
269.21228
373.17056
367.18134
255.82200
269.21218
267.23296
399.32283
538.99826
415.30675
269.21229
419.11787
399.20246
402.27789
401.26583
427.15827
391.28551
447.27531
313.18113
433.14814
399.15403
311.16557
413.20674
267.19667
321.24360
441.12021
415.30666
371.19887
299.20188
563.43540
446.16278
465.15297
431.11257
424.20307
241.75770
293.21241
323.25925
413.12861
271.22789
359.23601
467.30124
415.22336
429.09678
249.14940
483.22864
361.23619
509.00517
361.25167
403.15812
398.24728
408.20791
557.00514
387.02630
422.36396
319.22791
362.27029
279.23317
305.02307
303.08502
379.20492
465.23915
396.23081
479.09448
381.00909
391.28552
312.25467
469.09198
395.13580
425.15233
315.19667
337.23856
424.20288
383.22043
313.18123
313.23857
285.20716
317.21216
227.16493
429.09680
432.20820
379.20468
293.21247
355.15833
336.25462
489.04147
347.15494
255.82214
467.27807
265.21731
202.98645
310.23884
505.14949
417.12016
583.47323
313.23874
382.19218
374.24696
487.26775
335.22305
437.24260
311.22298
333.22060
429.09676
357.22036
223.84896
413.14106
312.25474
229.14417
381.22109
269.21233
524.27869
417.12023
437.24635
381.17389
402.95481
415.22339
322.97270
338.26980
253.21722
399.16789
359.13225
360.25405
413.16557
419.11800
555.34907
283.24309
313.07858
321.24388
333.22053
313.23859
420.23126
359.22311
338.27018
234.97556
313.27493
317.21229
461.12873
455.09479
341.21226
480.96204
531.00739
384.25460
333.20476
500.27889
211.13343
315.25423
578.34687
311.16886
338.26969
417.26490
309.20722
333.27159
478.17373
244.96497
379.16770
241.75766
265.14801
325.20201
420.23102
310.23920
391.28560
433.29558
381.26190
409.14818
544.98220
249.18581
409.23592
357.22043
399.25367
418.19670
413.29094
338.27029
308.22334
461.19984
293.17607
385.23592
399.15402
213.14926
533.00537
303.23296
353.23112
305.18880
213.18546
396.21809
215.12843
347.19978
375.18640
421.21533
361.19408
313.23862
303.23306
327.21772
311.22303
271.22795
347.25923
325.18449
395.11796
308.22330
297.18611
520.34920
393.22588
360.25419
469.02914
537.00039
455.21829
271.22786
477.09721
361.23860
389.16515
239.76026
539.03936
323.25918
401.26576
361.19438
393.12027
513.04134
325.27482
241.21700
344.19973
243.19638
452.15770
375.15402
239.20137
481.11066
361.23887
279.04048
202.98675
454.15524
335.22297
527.01596
391.18191
234.97546
431.28019
465.05558
374.24668
450.35915
295.22815
309.20485
442.16863
239.12865
505.13099
423.15427
311.22296
329.18906
341.16559
437.20824
337.19383
311.22302
454.15554
247.17011
297.24383
249.18586
420.27348
417.12029
422.32783
310.23877
577.42416
273.14964
417.64400
503.26912
343.19143
299.00613
403.30959
361.23866
255.19660
399.18751
337.23864
347.25908
291.19675
315.25406
411.13068
415.18204
551.03253
370.21560
463.01225
394.33252
331.20487
444.40604
201.80143
319.22804
357.22075
405.07879
458.34087
351.18637
435.22731
355.20501
313.23881
243.19631
435.12942
347.25939
329.17615
339.13680
379.20483
411.27550
457.11204
415.19445
253.14446
400.26305
374.24508
214.78284
237.18577
293.17594
362.27016
323.15483
437.29083
309.20727
289.21734
461.29116
457.11218
413.12855
426.21879
431.11245
383.23625
461.17079
409.23628
247.01346
387.14496
255.82212
405.22828
223.84892
395.19904
275.20161
345.24372
250.14478
397.21472
449.29097
443.11742
359.01460
380.17680
454.23392
337.23866
379.20452
454.15569
313.23858
433.14537
299.25914
413.12858
370.20258
239.16486
297.15305
305.18896
371.15503
347.26016
375.27794
215.16473
325.27514
387.19226
257.21218
508.30461
577.42413
319.22792
313.23871
403.24915
332.04138
457.11043
463.17867
465.28557
388.22637
351.18659
507.00748
367.18144
435.14491
249.97808
223.16989
347.25938
461.20760
299.20166
373.17131
312.25463
446.28888
293.13960
457.15716
349.23824
283.19157
281.24893
347.25977
437.29106
435.22737
447.27524
283.19179
361.20222
338.27012
233.15446
411.13115
214.13451
428.87397
416.18115
578.34716
437.24242
489.28358
277.14455
483.22921
421.15574
401.15217
509.31210
529.19396
405.17396
410.22370
346.21550
365.24634
335.22313
454.23432
445.18659
241.21708
297.24414
513.00051
391.28567
367.21244
295.22782
437.20778
257.17582
227.20137
404.97609
337.23874
399.15387
326.96850
357.20453
363.25445
277.18088
347.15501
269.21234
445.19997
213.14914
349.20225
460.37964
297.18609
381.26239
312.25447
209.07896
397.21490
427.35410
453.09722
376.30701
435.14461
397.17219
416.18161
221.85193
353.14266
429.07868
313.18108
457.15712
403.24675
481.23625
387.25160
339.25435
393.26510
503.17434
441.11964
451.11172
394.21514
299.16541
239.12641
373.01040
240.96964
277.14458
389.27009
440.18069
402.27806
527.17417
562.35981
362.24681
429.17350
481.11065
269.21225
283.26458
221.15429
454.15564
478.98477
329.17635
455.11307
207.13865
329.17613
423.15411
427.24665
314.27041
265.14206
377.23078
293.24879
554.34704
531.00723
411.25197
223.01944
405.07869
339.20006
358.29641
257.17588
447.27546
467.27817
457.23629
479.11554
369.19729
433.11003
241.18075
417.15547
580.36300
255.23288
295.22783
314.97851
389.24646
478.34570
275.05382
479.21824
201.02483
349.20178
415.14423
405.26467
209.15415
269.21227
452.13952
228.16016
336.25450
217.04774
433.33225
297.18607
473.07321
393.27797
399.15393
403.08133
486.97877
205.15921
337.23859
453.07884
427.28174
315.25409
537.04157
265.18104
239.05950
331.19196
337.23855
506.28892
440.16595
221.15416
215.16481
347.22260
271.19157
289.06931
338.27034
472.16554
269.24871
551.17468
423.27544
285.70767
452.15853
233.96379
293.21246
331.18877
448.12107
361.17944
385.14978
313.18133
453.07905
449.29090
259.81618
375.15394
213.18544
401.33853
429.07866
243.12370
455.01359
459.12579
361.25176
275.16537
392.24204
374.99218
401.20326
361.17925
367.18127
295.17067
377.16921
267.19664
299.20174
361.23873
447.27555
399.18643
291.00734
367.22870
347.20007
360.25451
433.23620
353.18889
537.01654
450.13680
305.24874
407.22032
396.98137
325.12141
570.97981
353.34269
425.17052
353.23131
483.22679
590.45464
285.20753
221.08152
449.29066
411.27541
355.18937
349.27492
301.21733
283.02839
361.25172
255.07921
307.19145
295.17027
506.98984
269.21231
413.24670
287.16517
477.11773
505.15739
377.14272
365.23326
419.13615
481.15684
214.13447
506.11391
352.26298
392.24182
356.28076
333.28001
433.19158
311.22295
470.16786
223.95404
537.48902
359.22313
401.20203
422.28903
333.22052
377.20212
213.93902
431.11251
483.12624
306.91626
448.27110
277.12241
483.12598
314.27023
307.18910
354.26511
258.73296
457.11097
396.21629
327.23361
419.18829
360.25437
356.22314
401.14241
501.25258
201.02466
259.81623
333.28007
329.18938
268.19183
391.28555
353.20219
297.14979
589.52034
446.12342
345.24396
429.36982
464.18083
361.21566
339.29047
336.25445
275.05379
587.50459
428.23414
321.10308
295.22772
287.16497
289.21736
421.13352
511.40037
324.75793
327.23349
504.11608
281.22735
201.11252
297.04705
229.18060
572.00155
429.20239
473.28844
318.90493
303.23316
424.27595
474.18141
347.22268
213.18556
541.04582
448.17462
362.98189
402.99996
324.25443
448.13923
448.26986
597.11318
478.39035
515.29909
503.26919
402.17414
223.16995
281.17355
434.19154
331.20500
396.21795
437.24681
283.26431
433.18940
263.20174
315.19683
402.26507
249.15286
442.20038
314.27028
417.31403
435.25197
399.32292
479.30160
395.25701
206.78844
485.00309
415.19457
404.18963
486.15034
347.14215
251.09605
444.98490
252.16053
472.18371
407.23637
305.02327
437.26743
430.39021
253.14202
328.75334
419.09395
465.16081
464.96850
331.20516
303.03716
377.20229
397.33206
356.28074
354.26502
393.25661
375.18658
409.14505
340.28565
526.98775
243.19641
383.29574
506.33331
433.23616
317.13967
236.10517
407.18924
431.18343
295.26428
414.18239
523.12264
258.05186
329.65744
315.23310
472.18359
287.99563
293.17921
573.12064
243.89927
403.16715
336.25432
472.96273
287.99431
341.26987
287.20173
321.17070
474.18135
289.70265
360.31215
438.15031
359.29572
331.65518
287.17817
450.13671
201.03724
393.27812
301.76936
322.97312
393.17190
393.12042
407.18765
427.18589
477.15561
216.92502
327.23323
448.13934
474.18125
473.28235
293.14315
222.87395
375.60490
333.65286
250.73872